F_pop,1,-0.00947928,0.361606,-0.0950797,0.46709,-0.0223414,-0.0986313,-0.0608156,-0.0322921
ka_pop,-0.00947928,1,0.133533,-0.188643,0.0254927,0.0961216,-0.0136866,0.0519642,0.0200258
V_pop,0.361606,0.133533,1,-0.237259,0.19057,0.00666768,0.0154893,0.00737585,0.000912215
k_pop,-0.0950797,-0.188643,-0.237259,1,-0.0721778,-0.0211955,-0.00396545,-0.110589,0.0113873
omega_F,0.46709,0.0254927,0.19057,-0.0721778,1,-0.0549234,-0.154516,-0.0745913,-0.0276289
omega_ka,-0.0223414,0.0961216,0.00666768,-0.0211955,-0.0549234,1,-0.0355535,0.0365298,-0.0549446
omega_V,-0.0986313,-0.0136866,0.0154893,-0.00396545,-0.154516,-0.0355535,1,0.0593536,-0.0293641
omega_k,-0.0608156,0.0519642,0.00737585,-0.110589,-0.0745913,0.0365298,0.0593536,1,-0.0732352
b,-0.0322921,0.0200258,0.000912215,0.0113873,-0.0276289,-0.0549446,-0.0293641,-0.0732352,1
