F_pop,0.00925512,-5.24361e-05,0.00132806,-0.00026996,0.00391118,-0.000126173,-0.000264872,-0.000128264,-1.26603e-05
ka_pop,-5.24361e-05,0.00330619,0.00029312,-0.000320129,0.000127584,0.000324453,-2.19679e-05,6.5504e-05,4.69258e-06
V_pop,0.00132806,0.00029312,0.00145742,-0.000267323,0.00063323,1.49429e-05,1.65065e-05,6.17312e-06,1.41922e-07
k_pop,-0.00026996,-0.000320129,-0.000267323,0.000871048,-0.000185413,-3.67224e-05,-3.26696e-06,-7.15537e-05,1.36962e-06
omega_F,0.00391118,0.000127584,0.00063323,-0.000185413,0.00757585,-0.000280634,-0.000375422,-0.000142332,-9.80025e-06
omega_ka,-0.000126173,0.000324453,1.49429e-05,-3.67224e-05,-0.000280634,0.00344615,-5.82612e-05,4.70126e-05,-1.31447e-05
omega_V,-0.000264872,-2.19679e-05,1.65065e-05,-3.26696e-06,-0.000375422,-5.82612e-05,0.000779222,3.63227e-05,-3.34046e-06
omega_k,-0.000128264,6.5504e-05,6.17312e-06,-7.15537e-05,-0.000142332,4.70126e-05,3.63227e-05,0.000480618,-6.54303e-06
b,-1.26603e-05,4.69258e-06,1.41922e-07,1.36962e-06,-9.80025e-06,-1.31447e-05,-3.34046e-06,-6.54303e-06,1.6608e-05
